image_width: 640
image_height: 480
camera_name: left
camera_matrix:
  rows: 3
  cols: 3
  data: [482.430725, 0.000000, 331.941704, 0.000000, 485.190813, 244.937522, 0.000000, 0.000000, 1.000000]
distortion_model: plumb_bob
distortion_coefficients:
  rows: 1
  cols: 5
  data: [-0.420685, 0.169107, -0.000533, -0.000353, 0.000000]
rectification_matrix:
  rows: 3
  cols: 3
  data: [0.999730, 0.005762, 0.022492, -0.005767, 0.999983, 0.000184, -0.022491, -0.000314, 0.999747]
projection_matrix:
  rows: 3
  cols: 4
  data: [437.656729, 0.000000, 315.695095, 0.000000, 0.000000, 437.656729, 245.815802, 0.000000, 0.000000, 0.000000, 1.000000, 0.000000]
