image_width: 640
image_height: 480
camera_name: right
camera_matrix:
  rows: 3
  cols: 3
  data: [482.279743, 0.000000, 325.945791, 0.000000, 484.838893, 248.376910, 0.000000, 0.000000, 1.000000]
distortion_model: plumb_bob
distortion_coefficients:
  rows: 1
  cols: 5
  data: [-0.428863, 0.188967, -0.000214, -0.000511, 0.000000]
rectification_matrix:
  rows: 3
  cols: 3
  data: [0.999852, 0.001097, 0.017148, -0.001093, 0.999999, -0.000258, -0.017148, 0.000240, 0.999853]
projection_matrix:
  rows: 3
  cols: 4
  data: [437.656729, 0.000000, 315.695095, -52.653052, 0.000000, 437.656729, 245.815802, 0.000000, 0.000000, 0.000000, 1.000000, 0.000000]
